1
2
3
4
5
6
7
11
12
13
14
18
19
20
21
22
23
41
42
43
44
45
46
64
65
66
67
68
69
87
88
89
90
91
92
110
111
112
113
114
115
138
151
184
207
230
253
276
299
322
345
368
391
414
437
460
483
506
529
24
25
26
27
28
29
32
33
34
35
36
37
38
47
48
49
50
51
52
55
56
57
58
59
60
61
70
71
72
73
74
75
78
79
80
81
82
83
84
93
94
95
96
97
98
101
102
103
104
105
106
107
116
117
118
119
120
121
124
125
126
127
128
129
130
139
140
141
142
143
144
147
148
149
150
151
152
153
170
171
172
173
174
175
176
178
179
180
181
182
183
184
185
186
187
188
189
201
202
203
204
205
206
207
208
209
210
211
212
213
214
215
218
219
220
221
222
223
224
225
226
227
228
229
230
231
232
233
234
235
236
237
238
241
242
243
244
245
246
247
248
249
250
251
252
253
254
255
256
512
513
258
259
260
261
518
519
264
265
266
267
268
269
270
271
272
273
530
531
532
533
278
535
280
281
282
283
284
541
542
287
288
289
290
291
292
293
294
295
296
297
298
299
300
301
302
303
304
305
306
307
310
311
312
313
314
315
316
317
318
319
320
321
322
323
324
325
326
327
328
329
330
333
334
335
336
337
338
339
340
341
342
343
344
345
346
347
348
349
350
351
352
353
356
357
358
359
360
361
362
363
364
365
366
367
368
552
551
550
549
548
547
546
529
379
380
381
382
383
384
385
386
387
388
389
390
391
528
527
526
525
524
523
536
279
277
401
402
403
404
405
406
407
408
409
410
411
412
413
414
415
416
417
418
419
420
421
534
257
424
425
426
427
428
429
430
431
432
433
434
435
436
437
438
439
440
441
442
443
444
516
517
447
448
449
450
451
452
453
522
539
540
543
544
545
274
461
462
463
464
465
466
467
276
275
470
471
472
473
474
475
476
477
478
479
480
481
482
483
484
485
486
487
488
489
490
521
520
493
494
495
496
497
498
499
500
501
502
503
504
505
506
507
508
509
510
511
